TP_C: [8, 1, 0, 3, 1], FN_C: [0, 0, 0, 1, 1], FP_C: [0, 1, 0, 0, 1]
Precision_C: [1.0, 0.5, 0, 1.0, 0.5]
Recall_C: [1.0, 1.0, 0, 0.75, 0.5]
F1-Score_C: [1.0, 0.6666666666666666, 0, 0.8571428571428571, 0.5]