TP_C: [64, 2, 8, 13, 36], FN_C: [0, 0, 0, 2, 2], FP_C: [0, 3, 2, 12, 4]
Precision_C: [1.0, 0.4, 0.8, 0.52, 0.9]
Recall_C: [1.0, 1.0, 1.0, 0.8666666666666667, 0.9473684210526315]
F1-Score_C: [1.0, 0.5714285714285715, 0.888888888888889, 0.65, 0.9230769230769231]